0 0.661058 0.024038 0.048077 0.048077
0 0.769231 0.024038 0.048077 0.048077
0 0.771635 0.117788 0.048077 0.048077
0 0.668269 0.134615 0.048077 0.048077
0 0.771635 0.206731 0.048077 0.048077
0 0.675481 0.235577 0.048077 0.048077
0 0.723558 0.290865 0.048077 0.048077
0 0.774038 0.310096 0.048077 0.048077
0 0.685096 0.456731 0.048077 0.048077
0 0.689904 0.550481 0.048077 0.048077
0 0.788462 0.615385 0.048077 0.048077
0 0.692308 0.649038 0.048077 0.048077
0 0.788462 0.701923 0.048077 0.048077
0 0.793269 0.786058 0.048077 0.048077
0 0.699519 0.802885 0.048077 0.048077
0 0.802885 0.915865 0.048077 0.048077
0 0.701923 0.918269 0.048077 0.048077
