0 0.343750 0.000000 0.048077 0.048077
0 0.257212 0.004808 0.048077 0.048077
0 0.213942 0.007212 0.048077 0.048077
0 0.076923 0.016827 0.048077 0.048077
0 0.120192 0.019231 0.048077 0.048077
0 0.437500 0.141827 0.048077 0.048077
0 0.228365 0.170673 0.048077 0.048077
0 0.233173 0.223558 0.048077 0.048077
0 0.442308 0.254808 0.048077 0.048077
0 0.228365 0.276442 0.048077 0.048077
0 0.444712 0.300481 0.048077 0.048077
0 0.228365 0.319712 0.048077 0.048077
0 0.437500 0.350962 0.048077 0.048077
0 0.230769 0.360577 0.048077 0.048077
0 0.120192 0.399038 0.048077 0.048077
0 0.228365 0.406250 0.048077 0.048077
0 0.437500 0.423077 0.048077 0.048077
0 0.235577 0.447115 0.048077 0.048077
0 0.432692 0.475962 0.048077 0.048077
0 0.103365 0.507212 0.048077 0.048077
0 0.235577 0.564904 0.048077 0.048077
0 0.233173 0.612981 0.048077 0.048077
0 0.437500 0.661058 0.048077 0.048077
0 0.250000 0.665865 0.048077 0.048077
0 0.442308 0.701923 0.048077 0.048077
0 0.254808 0.764423 0.048077 0.048077
0 0.262019 0.812500 0.048077 0.048077
0 0.262019 0.814904 0.048077 0.048077
