0 0.812500 0.036058 0.048077 0.048077
0 0.740385 0.170673 0.048077 0.048077
0 0.790865 0.242788 0.048077 0.048077
0 0.834135 0.329327 0.048077 0.048077
0 0.637019 0.420673 0.048077 0.048077
0 0.860577 0.430288 0.048077 0.048077
0 0.632212 0.461538 0.048077 0.048077
0 0.615385 0.497596 0.048077 0.048077
0 0.605769 0.548077 0.048077 0.048077
0 0.920673 0.569712 0.048077 0.048077
0 0.584135 0.600962 0.048077 0.048077
0 0.567308 0.641827 0.048077 0.048077
0 0.959135 0.653846 0.048077 0.048077
0 0.548077 0.689904 0.048077 0.048077
0 0.355769 0.716346 0.048077 0.048077
0 0.507212 0.771635 0.048077 0.048077
0 0.490385 0.819712 0.048077 0.048077
0 0.305288 0.824519 0.048077 0.048077
0 0.456731 0.903846 0.048077 0.048077
0 0.257212 0.913462 0.048077 0.048077
0 0.435096 0.937500 0.048077 0.048077
0 0.413462 0.971154 0.048077 0.048077
0 0.201923 0.992788 0.048077 0.048077
