0 0.225962 0.096154 0.048077 0.048077
0 0.346154 0.129808 0.048077 0.048077
0 0.538462 0.165865 0.048077 0.048077
0 0.620192 0.187500 0.048077 0.048077
0 0.656250 0.206731 0.048077 0.048077
0 0.855769 0.242788 0.048077 0.048077
0 0.935096 0.257212 0.048077 0.048077
0 0.975962 0.271635 0.048077 0.048077
0 0.259615 0.290865 0.048077 0.048077
0 0.305288 0.300481 0.048077 0.048077
0 0.403846 0.326923 0.048077 0.048077
0 0.444712 0.326923 0.048077 0.048077
0 0.555288 0.336538 0.048077 0.048077
0 0.283654 0.531250 0.048077 0.048077
0 0.949519 0.531250 0.048077 0.048077
0 0.329327 0.543269 0.048077 0.048077
0 0.411058 0.543269 0.048077 0.048077
0 0.634615 0.548077 0.048077 0.048077
0 0.723558 0.550481 0.048077 0.048077
0 0.725962 0.550481 0.048077 0.048077
0 0.771635 0.550481 0.048077 0.048077
0 0.680288 0.552885 0.048077 0.048077
0 0.504808 0.555288 0.048077 0.048077
0 0.586538 0.555288 0.048077 0.048077
0 0.456731 0.560096 0.048077 0.048077
