0 0.966346 0.588942 0.048077 0.048077
0 0.846154 0.593750 0.048077 0.048077
0 0.651442 0.610577 0.048077 0.048077
0 0.579327 0.617788 0.048077 0.048077
0 0.485577 0.625000 0.048077 0.048077
0 0.281250 0.649038 0.048077 0.048077
0 0.627404 0.656250 0.048077 0.048077
0 0.185096 0.661058 0.048077 0.048077
0 0.096154 0.663462 0.048077 0.048077
0 0.966346 0.805288 0.048077 0.048077
0 0.298077 0.824519 0.048077 0.048077
0 0.399038 0.824519 0.048077 0.048077
0 0.298077 0.826923 0.048077 0.048077
0 0.500000 0.829327 0.048077 0.048077
0 0.204327 0.834135 0.048077 0.048077
0 0.021635 0.846154 0.048077 0.048077
0 0.658654 0.937500 0.048077 0.048077
