0 0.473558 0.031250 0.048077 0.048077
0 0.971154 0.031250 0.048077 0.048077
0 0.028846 0.141827 0.048077 0.048077
0 0.149038 0.153846 0.048077 0.048077
0 0.076923 0.158654 0.048077 0.048077
0 0.875000 0.177885 0.048077 0.048077
0 0.254808 0.182692 0.048077 0.048077
0 0.194712 0.189904 0.048077 0.048077
0 0.300481 0.201923 0.048077 0.048077
0 0.509615 0.283654 0.048077 0.048077
0 0.555288 0.290865 0.048077 0.048077
0 0.617788 0.310096 0.048077 0.048077
0 0.658654 0.331731 0.048077 0.048077
0 0.762019 0.355769 0.048077 0.048077
0 0.805288 0.372596 0.048077 0.048077
0 0.663462 0.538462 0.048077 0.048077
0 0.930288 0.978365 0.048077 0.048077
