0 0.009615 0.122596 0.048077 0.048077
0 0.415865 0.194712 0.048077 0.048077
0 0.447115 0.283654 0.048077 0.048077
0 0.350962 0.336538 0.048077 0.048077
0 0.466346 0.372596 0.048077 0.048077
0 0.387019 0.459135 0.048077 0.048077
0 0.528846 0.564904 0.048077 0.048077
0 0.560096 0.651442 0.048077 0.048077
0 0.463942 0.663462 0.048077 0.048077
0 0.492788 0.737981 0.048077 0.048077
0 0.610577 0.752404 0.048077 0.048077
0 0.540865 0.834135 0.048077 0.048077
0 0.673077 0.867788 0.048077 0.048077
0 0.932692 0.901442 0.048077 0.048077
0 0.622596 0.985577 0.048077 0.048077
