0 0.634615 0.012019 0.048077 0.048077
0 0.781250 0.586538 0.048077 0.048077
0 0.680288 0.612981 0.048077 0.048077
0 0.459135 0.639423 0.048077 0.048077
0 0.956731 0.646635 0.048077 0.048077
0 0.858173 0.670673 0.048077 0.048077
0 0.711538 0.713942 0.048077 0.048077
0 0.271635 0.762019 0.048077 0.048077
0 0.367788 0.790865 0.048077 0.048077
0 0.776442 0.798077 0.048077 0.048077
0 0.641827 0.805288 0.048077 0.048077
0 0.853365 0.819712 0.048077 0.048077
0 0.514423 0.831731 0.048077 0.048077
0 0.588942 0.850962 0.048077 0.048077
0 0.944712 0.850962 0.048077 0.048077
0 0.822115 0.920673 0.048077 0.048077
0 0.918269 0.942308 0.048077 0.048077
