0 0.612981 0.004808 0.048077 0.048077
0 0.526442 0.031250 0.048077 0.048077
0 0.992788 0.040865 0.048077 0.048077
0 0.913462 0.072115 0.048077 0.048077
0 0.348558 0.076923 0.048077 0.048077
0 0.829327 0.093750 0.048077 0.048077
0 0.271635 0.098558 0.048077 0.048077
0 0.786058 0.100962 0.048077 0.048077
0 0.745192 0.112981 0.048077 0.048077
0 0.189904 0.117788 0.048077 0.048077
0 0.673077 0.134615 0.048077 0.048077
0 0.637019 0.149038 0.048077 0.048077
0 0.593750 0.156250 0.048077 0.048077
0 0.007212 0.165865 0.048077 0.048077
0 0.483173 0.177885 0.048077 0.048077
0 0.528846 0.177885 0.048077 0.048077
0 0.449519 0.201923 0.048077 0.048077
0 0.230769 0.213942 0.048077 0.048077
0 0.122596 0.235577 0.048077 0.048077
0 0.019231 0.269231 0.048077 0.048077
