0 0.228365 0.050481 0.048077 0.048077
0 0.423077 0.050481 0.048077 0.048077
0 0.379808 0.132212 0.048077 0.048077
0 0.242788 0.134615 0.048077 0.048077
0 0.379808 0.189904 0.048077 0.048077
0 0.007212 0.206731 0.048077 0.048077
0 0.372596 0.233173 0.048077 0.048077
0 0.026442 0.252404 0.048077 0.048077
0 0.033654 0.298077 0.048077 0.048077
0 0.326923 0.302885 0.048077 0.048077
0 0.338942 0.401442 0.048077 0.048077
0 0.408654 0.759615 0.048077 0.048077
0 0.956731 0.778846 0.048077 0.048077
0 0.865385 0.819712 0.048077 0.048077
0 0.790865 0.853365 0.048077 0.048077
0 0.701923 0.884615 0.048077 0.048077
0 0.617788 0.915865 0.048077 0.048077
