0 0.060096 0.055288 0.048077 0.048077
0 0.091346 0.125000 0.048077 0.048077
0 0.112981 0.163462 0.048077 0.048077
0 0.050481 0.201923 0.048077 0.048077
0 0.007212 0.206731 0.048077 0.048077
0 0.300481 0.216346 0.048077 0.048077
0 0.127404 0.247596 0.048077 0.048077
0 0.115385 0.290865 0.048077 0.048077
0 0.310096 0.310096 0.048077 0.048077
0 0.127404 0.387019 0.048077 0.048077
0 0.314904 0.387019 0.048077 0.048077
0 0.132212 0.432692 0.048077 0.048077
0 0.146635 0.475962 0.048077 0.048077
0 0.319712 0.516827 0.048077 0.048077
0 0.144231 0.519231 0.048077 0.048077
0 0.127404 0.564904 0.048077 0.048077
0 0.322115 0.603365 0.048077 0.048077
0 0.036058 0.663462 0.048077 0.048077
0 0.615385 0.723558 0.048077 0.048077
0 0.615385 0.725962 0.048077 0.048077
0 0.521635 0.728365 0.048077 0.048077
0 0.699519 0.728365 0.048077 0.048077
0 0.829327 0.728365 0.048077 0.048077
0 0.951923 0.735577 0.048077 0.048077
0 0.110577 0.788462 0.048077 0.048077
0 0.007212 0.846154 0.048077 0.048077
0 0.317308 0.848558 0.048077 0.048077
0 0.225962 0.850962 0.048077 0.048077
0 0.521635 0.853365 0.048077 0.048077
