0 0.346154 0.324519 0.048077 0.048077
0 0.024038 0.326923 0.048077 0.048077
0 0.341346 0.413462 0.048077 0.048077
0 0.975962 0.420673 0.048077 0.048077
0 0.937500 0.456731 0.048077 0.048077
0 0.341346 0.533654 0.048077 0.048077
0 0.817308 0.567308 0.048077 0.048077
0 0.322115 0.615385 0.048077 0.048077
0 0.754808 0.620192 0.048077 0.048077
0 0.326923 0.651442 0.048077 0.048077
0 0.689904 0.685096 0.048077 0.048077
0 0.331731 0.742788 0.048077 0.048077
0 0.588942 0.771635 0.048077 0.048077
0 0.331731 0.783654 0.048077 0.048077
0 0.324519 0.860577 0.048077 0.048077
0 0.502404 0.867788 0.048077 0.048077
0 0.312500 0.980769 0.048077 0.048077
