0 0.312500 0.028846 0.048077 0.048077
0 0.300481 0.067308 0.048077 0.048077
0 0.286058 0.108173 0.048077 0.048077
0 0.250000 0.302885 0.048077 0.048077
0 0.240385 0.346154 0.048077 0.048077
0 0.216346 0.427885 0.048077 0.048077
0 0.201923 0.502404 0.048077 0.048077
0 0.187500 0.543269 0.048077 0.048077
0 0.170673 0.663462 0.048077 0.048077
0 0.129808 0.819712 0.048077 0.048077
0 0.312500 0.913462 0.048077 0.048077
0 0.098558 0.939904 0.048077 0.048077
0 0.302885 0.951923 0.048077 0.048077
0 0.293269 0.992788 0.048077 0.048077
