0 0.048077 0.286058 0.048077 0.048077
0 0.975962 0.846154 0.048077 0.048077
0 0.927885 0.860577 0.048077 0.048077
0 0.867788 0.867788 0.048077 0.048077
0 0.819712 0.879808 0.048077 0.048077
0 0.759615 0.884615 0.048077 0.048077
0 0.706731 0.899038 0.048077 0.048077
0 0.574519 0.913462 0.048077 0.048077
0 0.663462 0.913462 0.048077 0.048077
0 0.531250 0.930288 0.048077 0.048077
0 0.396635 0.947115 0.048077 0.048077
0 0.353365 0.959135 0.048077 0.048077
0 0.302885 0.973558 0.048077 0.048077
0 0.201923 0.995192 0.048077 0.048077
0 0.146635 0.997596 0.048077 0.048077
