0 0.528846 0.002404 0.048077 0.048077
0 0.930288 0.002404 0.048077 0.048077
0 0.483173 0.076923 0.048077 0.048077
0 0.447115 0.158654 0.048077 0.048077
0 0.394231 0.245192 0.048077 0.048077
0 0.362981 0.322115 0.048077 0.048077
0 0.324519 0.391827 0.048077 0.048077
0 0.548077 0.490385 0.048077 0.048077
0 0.639423 0.490385 0.048077 0.048077
0 0.901442 0.509615 0.048077 0.048077
0 0.343750 0.572115 0.048077 0.048077
0 0.447115 0.593750 0.048077 0.048077
0 0.584135 0.598558 0.048077 0.048077
0 0.766827 0.603365 0.048077 0.048077
0 0.973558 0.612981 0.048077 0.048077
0 0.177885 0.663462 0.048077 0.048077
0 0.098558 0.831731 0.048077 0.048077
0 0.980769 0.959135 0.048077 0.048077
0 0.028846 0.963942 0.048077 0.048077
