0 0.072115 0.048077 0.048077 0.048077
0 0.163462 0.060096 0.048077 0.048077
0 0.206731 0.081731 0.048077 0.048077
0 0.338942 0.105769 0.048077 0.048077
0 0.528846 0.134615 0.048077 0.048077
0 0.572115 0.158654 0.048077 0.048077
0 0.617788 0.158654 0.048077 0.048077
0 0.759615 0.187500 0.048077 0.048077
0 0.711538 0.189904 0.048077 0.048077
0 0.846154 0.218750 0.048077 0.048077
0 0.889423 0.225962 0.048077 0.048077
0 0.932692 0.235577 0.048077 0.048077
0 0.978365 0.240385 0.048077 0.048077
0 0.362981 0.319712 0.048077 0.048077
0 0.694712 0.389423 0.048077 0.048077
0 0.947115 0.442308 0.048077 0.048077
