0 0.877404 0.012019 0.048077 0.048077
0 0.990385 0.670673 0.048077 0.048077
0 0.903846 0.682692 0.048077 0.048077
0 0.663462 0.725962 0.048077 0.048077
0 0.584135 0.750000 0.048077 0.048077
0 0.762019 0.841346 0.048077 0.048077
0 0.233173 0.843750 0.048077 0.048077
0 0.925481 0.843750 0.048077 0.048077
0 0.682692 0.848558 0.048077 0.048077
0 0.596154 0.858173 0.048077 0.048077
0 0.139423 0.862981 0.048077 0.048077
0 0.048077 0.887019 0.048077 0.048077
0 0.341346 0.944712 0.048077 0.048077
0 0.341346 0.947115 0.048077 0.048077
0 0.298077 0.963942 0.048077 0.048077
0 0.257212 0.983173 0.048077 0.048077
0 0.177885 0.997596 0.048077 0.048077
