0 0.968750 0.459135 0.048077 0.048077
0 0.875000 0.468750 0.048077 0.048077
0 0.798077 0.471154 0.048077 0.048077
0 0.711538 0.473558 0.048077 0.048077
0 0.603365 0.480769 0.048077 0.048077
0 0.492788 0.485577 0.048077 0.048077
0 0.367788 0.492788 0.048077 0.048077
0 0.266827 0.497596 0.048077 0.048077
0 0.927885 0.569712 0.048077 0.048077
0 0.829327 0.579327 0.048077 0.048077
0 0.677885 0.581731 0.048077 0.048077
0 0.581731 0.584135 0.048077 0.048077
0 0.358173 0.593750 0.048077 0.048077
0 0.266827 0.598558 0.048077 0.048077
0 0.992788 0.711538 0.048077 0.048077
0 0.233173 0.713942 0.048077 0.048077
0 0.307692 0.716346 0.048077 0.048077
0 0.781250 0.716346 0.048077 0.048077
0 0.875000 0.716346 0.048077 0.048077
0 0.716346 0.718750 0.048077 0.048077
0 0.052885 0.721154 0.048077 0.048077
0 0.127404 0.721154 0.048077 0.048077
0 0.622596 0.721154 0.048077 0.048077
0 0.278846 0.812500 0.048077 0.048077
0 0.552885 0.814904 0.048077 0.048077
0 0.639423 0.817308 0.048077 0.048077
0 0.875000 0.822115 0.048077 0.048077
