0 0.858173 0.206731 0.048077 0.048077
0 0.990385 0.237981 0.048077 0.048077
0 0.088942 0.307692 0.048077 0.048077
0 0.139423 0.307692 0.048077 0.048077
0 0.189904 0.331731 0.048077 0.048077
0 0.329327 0.353365 0.048077 0.048077
0 0.497596 0.403846 0.048077 0.048077
0 0.536058 0.406250 0.048077 0.048077
0 0.584135 0.411058 0.048077 0.048077
0 0.617788 0.425481 0.048077 0.048077
0 0.663462 0.432692 0.048077 0.048077
0 0.706731 0.444712 0.048077 0.048077
0 0.754808 0.456731 0.048077 0.048077
0 0.795673 0.466346 0.048077 0.048077
0 0.841346 0.483173 0.048077 0.048077
0 0.884615 0.495192 0.048077 0.048077
0 0.925481 0.495192 0.048077 0.048077
