0 0.062500 0.266827 0.048077 0.048077
0 0.110577 0.276442 0.048077 0.048077
0 0.149038 0.283654 0.048077 0.048077
0 0.199519 0.290865 0.048077 0.048077
0 0.240385 0.310096 0.048077 0.048077
0 0.283654 0.319712 0.048077 0.048077
0 0.367788 0.346154 0.048077 0.048077
0 0.576923 0.377404 0.048077 0.048077
0 0.663462 0.418269 0.048077 0.048077
0 0.709135 0.425481 0.048077 0.048077
0 0.754808 0.432692 0.048077 0.048077
0 0.836538 0.447115 0.048077 0.048077
0 0.920673 0.463942 0.048077 0.048077
0 0.923077 0.466346 0.048077 0.048077
0 0.963942 0.475962 0.048077 0.048077
0 0.199519 0.497596 0.048077 0.048077
0 0.240385 0.507212 0.048077 0.048077
0 0.586538 0.507212 0.048077 0.048077
0 0.649038 0.596154 0.048077 0.048077
0 0.716346 0.620192 0.048077 0.048077
0 0.778846 0.629808 0.048077 0.048077
0 0.908654 0.656250 0.048077 0.048077
0 0.954327 0.668269 0.048077 0.048077
