0 0.939904 0.072115 0.048077 0.048077
0 0.891827 0.146635 0.048077 0.048077
0 0.956731 0.250000 0.048077 0.048077
0 0.814904 0.290865 0.048077 0.048077
0 0.911058 0.334135 0.048077 0.048077
0 0.769231 0.372596 0.048077 0.048077
0 0.725962 0.449519 0.048077 0.048077
0 0.218750 0.560096 0.048077 0.048077
0 0.430288 0.574519 0.048077 0.048077
0 0.519231 0.579327 0.048077 0.048077
0 0.951923 0.605769 0.048077 0.048077
0 0.295673 0.668269 0.048077 0.048077
0 0.396635 0.673077 0.048077 0.048077
0 0.500000 0.675481 0.048077 0.048077
0 0.637019 0.812500 0.048077 0.048077
0 0.759615 0.872596 0.048077 0.048077
0 0.781250 0.966346 0.048077 0.048077
