0 0.069712 0.093750 0.048077 0.048077
0 0.387019 0.463942 0.048077 0.048077
0 0.000000 0.612981 0.048077 0.048077
0 0.564904 0.697115 0.048077 0.048077
0 0.612981 0.713942 0.048077 0.048077
0 0.646635 0.730769 0.048077 0.048077
0 0.687500 0.737981 0.048077 0.048077
0 0.778846 0.745192 0.048077 0.048077
0 0.819712 0.764423 0.048077 0.048077
0 0.858173 0.790865 0.048077 0.048077
0 0.519231 0.870192 0.048077 0.048077
0 0.564904 0.884615 0.048077 0.048077
0 0.418269 0.891827 0.048077 0.048077
0 0.668269 0.896635 0.048077 0.048077
0 0.615385 0.901442 0.048077 0.048077
0 0.689904 0.937500 0.048077 0.048077
0 0.737981 0.947115 0.048077 0.048077
0 0.781250 0.980769 0.048077 0.048077
