0 0.824519 0.067308 0.048077 0.048077
0 0.985577 0.281250 0.048077 0.048077
0 0.975962 0.358173 0.048077 0.048077
0 0.108173 0.403846 0.048077 0.048077
0 0.959135 0.437500 0.048077 0.048077
0 0.079327 0.526442 0.048077 0.048077
0 0.947115 0.538462 0.048077 0.048077
0 0.944712 0.617788 0.048077 0.048077
0 0.055288 0.649038 0.048077 0.048077
0 0.278846 0.723558 0.048077 0.048077
0 0.271635 0.771635 0.048077 0.048077
0 0.269231 0.814904 0.048077 0.048077
0 0.918269 0.819712 0.048077 0.048077
0 0.262019 0.860577 0.048077 0.048077
0 0.911058 0.911058 0.048077 0.048077
