0 0.894231 0.000000 0.048077 0.048077
0 0.887019 0.084135 0.048077 0.048077
0 0.877404 0.158654 0.048077 0.048077
0 0.060096 0.286058 0.048077 0.048077
0 0.060096 0.365385 0.048077 0.048077
0 0.858173 0.367788 0.048077 0.048077
0 0.846154 0.454327 0.048077 0.048077
0 0.836538 0.555288 0.048077 0.048077
0 0.822115 0.641827 0.048077 0.048077
0 0.810096 0.766827 0.048077 0.048077
0 0.201923 0.781250 0.048077 0.048077
0 0.146635 0.822115 0.048077 0.048077
0 0.031250 0.841346 0.048077 0.048077
0 0.081731 0.843750 0.048077 0.048077
0 0.795673 0.862981 0.048077 0.048077
0 0.786058 0.939904 0.048077 0.048077
0 0.144231 0.997596 0.048077 0.048077
