0 0.675481 0.007212 0.048077 0.048077
0 0.790865 0.050481 0.048077 0.048077
0 0.995192 0.144231 0.048077 0.048077
0 0.718750 0.240385 0.048077 0.048077
0 0.737981 0.348558 0.048077 0.048077
0 0.870192 0.485577 0.048077 0.048077
0 0.766827 0.519231 0.048077 0.048077
0 0.125000 0.533654 0.048077 0.048077
0 0.076923 0.548077 0.048077 0.048077
0 0.887019 0.591346 0.048077 0.048077
0 0.656250 0.870192 0.048077 0.048077
0 0.538462 0.887019 0.048077 0.048077
0 0.437500 0.911058 0.048077 0.048077
0 0.346154 0.930288 0.048077 0.048077
0 0.899038 0.951923 0.048077 0.048077
0 0.132212 0.966346 0.048077 0.048077
0 0.033654 0.992788 0.048077 0.048077
