0 0.908654 0.538462 0.048077 0.048077
0 0.615385 0.550481 0.048077 0.048077
0 0.528846 0.552885 0.048077 0.048077
0 0.439904 0.562500 0.048077 0.048077
0 0.182692 0.572115 0.048077 0.048077
0 0.276442 0.572115 0.048077 0.048077
0 0.100962 0.579327 0.048077 0.048077
0 0.802885 0.634615 0.048077 0.048077
0 0.711538 0.641827 0.048077 0.048077
0 0.526442 0.646635 0.048077 0.048077
0 0.625000 0.646635 0.048077 0.048077
0 0.418269 0.656250 0.048077 0.048077
0 0.848558 0.723558 0.048077 0.048077
0 0.954327 0.723558 0.048077 0.048077
0 0.336538 0.800481 0.048077 0.048077
0 0.062500 0.805288 0.048077 0.048077
0 0.240385 0.805288 0.048077 0.048077
0 0.961538 0.805288 0.048077 0.048077
0 0.141827 0.810096 0.048077 0.048077
