0 0.971154 0.074519 0.048077 0.048077
0 0.894231 0.091346 0.048077 0.048077
0 0.805288 0.108173 0.048077 0.048077
0 0.716346 0.125000 0.048077 0.048077
0 0.540865 0.158654 0.048077 0.048077
0 0.459135 0.180288 0.048077 0.048077
0 0.776442 0.192308 0.048077 0.048077
0 0.372596 0.199519 0.048077 0.048077
0 0.966346 0.216346 0.048077 0.048077
0 0.264423 0.223558 0.048077 0.048077
0 0.627404 0.225962 0.048077 0.048077
0 0.882212 0.233173 0.048077 0.048077
0 0.920673 0.233173 0.048077 0.048077
0 0.151442 0.242788 0.048077 0.048077
0 0.543269 0.242788 0.048077 0.048077
0 0.062500 0.266827 0.048077 0.048077
0 0.473558 0.317308 0.048077 0.048077
0 0.430288 0.326923 0.048077 0.048077
0 0.322115 0.358173 0.048077 0.048077
0 0.230769 0.375000 0.048077 0.048077
0 0.281250 0.375000 0.048077 0.048077
0 0.182692 0.387019 0.048077 0.048077
0 0.141827 0.396635 0.048077 0.048077
0 0.093750 0.408654 0.048077 0.048077
0 0.045673 0.415865 0.048077 0.048077
0 0.310096 0.646635 0.048077 0.048077
0 0.129808 0.649038 0.048077 0.048077
0 0.129808 0.651442 0.048077 0.048077
0 0.175481 0.651442 0.048077 0.048077
0 0.218750 0.651442 0.048077 0.048077
0 0.350962 0.653846 0.048077 0.048077
0 0.502404 0.653846 0.048077 0.048077
0 0.264423 0.656250 0.048077 0.048077
0 0.540865 0.658654 0.048077 0.048077
0 0.995192 0.668269 0.048077 0.048077
0 0.045673 0.711538 0.048077 0.048077
0 0.721154 0.721154 0.048077 0.048077
0 0.850962 0.728365 0.048077 0.048077
0 0.706731 0.786058 0.048077 0.048077
0 0.146635 0.831731 0.048077 0.048077
0 0.300481 0.836538 0.048077 0.048077
0 0.040865 0.838942 0.048077 0.048077
0 0.911058 0.846154 0.048077 0.048077
