0 0.365385 0.209135 0.048077 0.048077
0 0.975962 0.283654 0.048077 0.048077
0 0.887019 0.298077 0.048077 0.048077
0 0.802885 0.319712 0.048077 0.048077
0 0.673077 0.350962 0.048077 0.048077
0 0.596154 0.370192 0.048077 0.048077
0 0.822115 0.403846 0.048077 0.048077
0 0.353365 0.423077 0.048077 0.048077
0 0.995192 0.423077 0.048077 0.048077
0 0.257212 0.439904 0.048077 0.048077
0 0.742788 0.439904 0.048077 0.048077
0 0.081731 0.456731 0.048077 0.048077
0 0.689904 0.516827 0.048077 0.048077
0 0.283654 0.545673 0.048077 0.048077
0 0.355769 0.545673 0.048077 0.048077
0 0.206731 0.552885 0.048077 0.048077
0 0.120192 0.557692 0.048077 0.048077
0 0.019231 0.562500 0.048077 0.048077
0 0.420673 0.598558 0.048077 0.048077
0 0.418269 0.687500 0.048077 0.048077
0 0.855769 0.704327 0.048077 0.048077
0 0.930288 0.706731 0.048077 0.048077
0 0.079327 0.716346 0.048077 0.048077
0 0.290865 0.716346 0.048077 0.048077
0 0.194712 0.721154 0.048077 0.048077
0 0.002404 0.822115 0.048077 0.048077
0 0.103365 0.822115 0.048077 0.048077
0 0.206731 0.822115 0.048077 0.048077
0 0.677885 0.822115 0.048077 0.048077
0 0.307692 0.824519 0.048077 0.048077
0 0.391827 0.824519 0.048077 0.048077
0 0.485577 0.824519 0.048077 0.048077
0 0.581731 0.824519 0.048077 0.048077
0 0.677885 0.824519 0.048077 0.048077
0 0.887019 0.829327 0.048077 0.048077
