0 0.908654 0.211538 0.048077 0.048077
0 0.819712 0.221154 0.048077 0.048077
0 0.673077 0.237981 0.048077 0.048077
0 0.605769 0.252404 0.048077 0.048077
0 0.997596 0.379808 0.048077 0.048077
0 0.908654 0.394231 0.048077 0.048077
0 0.800481 0.401442 0.048077 0.048077
0 0.615385 0.420673 0.048077 0.048077
0 0.992788 0.487981 0.048077 0.048077
0 0.658654 0.509615 0.048077 0.048077
0 0.939904 0.670673 0.048077 0.048077
0 0.795673 0.677885 0.048077 0.048077
0 0.649038 0.692308 0.048077 0.048077
0 0.742788 0.692308 0.048077 0.048077
0 0.764423 0.774038 0.048077 0.048077
0 0.713942 0.783654 0.048077 0.048077
0 0.651442 0.795673 0.048077 0.048077
