0 0.024038 0.286058 0.048077 0.048077
0 0.896635 0.314904 0.048077 0.048077
0 0.879808 0.444712 0.048077 0.048077
0 0.125000 0.519231 0.048077 0.048077
0 0.036058 0.528846 0.048077 0.048077
0 0.036058 0.531250 0.048077 0.048077
0 0.221154 0.531250 0.048077 0.048077
0 0.307692 0.548077 0.048077 0.048077
0 0.348558 0.552885 0.048077 0.048077
0 0.396635 0.567308 0.048077 0.048077
0 0.439904 0.581731 0.048077 0.048077
0 0.483173 0.581731 0.048077 0.048077
0 0.533654 0.596154 0.048077 0.048077
0 0.620192 0.608173 0.048077 0.048077
0 0.661058 0.627404 0.048077 0.048077
0 0.711538 0.639423 0.048077 0.048077
0 0.750000 0.649038 0.048077 0.048077
0 0.790865 0.649038 0.048077 0.048077
0 0.882212 0.670673 0.048077 0.048077
0 0.644231 0.923077 0.048077 0.048077
0 0.846154 0.963942 0.048077 0.048077
