0 0.968750 0.399038 0.048077 0.048077
0 0.555288 0.524038 0.048077 0.048077
0 0.711538 0.524038 0.048077 0.048077
0 0.449519 0.552885 0.048077 0.048077
0 0.379808 0.567308 0.048077 0.048077
0 0.274038 0.600962 0.048077 0.048077
0 0.625000 0.610577 0.048077 0.048077
0 0.336538 0.629808 0.048077 0.048077
0 0.134615 0.637019 0.048077 0.048077
0 0.237981 0.658654 0.048077 0.048077
0 0.038462 0.673077 0.048077 0.048077
0 0.129808 0.689904 0.048077 0.048077
0 0.264423 0.716346 0.048077 0.048077
0 0.031250 0.725962 0.048077 0.048077
0 0.033654 0.826923 0.048077 0.048077
0 0.908654 0.942308 0.048077 0.048077
0 0.810096 0.971154 0.048077 0.048077
