0 0.379808 0.064904 0.048077 0.048077
0 0.098558 0.105769 0.048077 0.048077
0 0.221154 0.134615 0.048077 0.048077
0 0.935096 0.158654 0.048077 0.048077
0 0.050481 0.213942 0.048077 0.048077
0 0.149038 0.242788 0.048077 0.048077
0 0.197115 0.254808 0.048077 0.048077
0 0.254808 0.274038 0.048077 0.048077
0 0.403846 0.338942 0.048077 0.048077
0 0.492788 0.370192 0.048077 0.048077
0 0.060096 0.406250 0.048077 0.048077
0 0.098558 0.425481 0.048077 0.048077
0 0.151442 0.439904 0.048077 0.048077
0 0.252404 0.471154 0.048077 0.048077
0 0.336538 0.492788 0.048077 0.048077
0 0.569712 0.492788 0.048077 0.048077
0 0.375000 0.509615 0.048077 0.048077
0 0.420673 0.516827 0.048077 0.048077
0 0.572115 0.540865 0.048077 0.048077
0 0.882212 0.552885 0.048077 0.048077
0 0.038462 0.612981 0.048077 0.048077
0 0.170673 0.622596 0.048077 0.048077
0 0.084135 0.627404 0.048077 0.048077
0 0.084135 0.629808 0.048077 0.048077
0 0.225962 0.629808 0.048077 0.048077
0 0.269231 0.670673 0.048077 0.048077
0 0.819712 0.682692 0.048077 0.048077
0 0.555288 0.694712 0.048077 0.048077
0 0.360577 0.706731 0.048077 0.048077
0 0.548077 0.737981 0.048077 0.048077
0 0.858173 0.762019 0.048077 0.048077
0 0.848558 0.872596 0.048077 0.048077
