0 0.389423 0.411058 0.048077 0.048077
0 0.401442 0.528846 0.048077 0.048077
0 0.040865 0.740385 0.048077 0.048077
0 0.161058 0.740385 0.048077 0.048077
0 0.264423 0.742788 0.048077 0.048077
0 0.360577 0.745192 0.048077 0.048077
0 0.454327 0.745192 0.048077 0.048077
0 0.552885 0.745192 0.048077 0.048077
0 0.634615 0.747596 0.048077 0.048077
0 0.704327 0.747596 0.048077 0.048077
0 0.961538 0.752404 0.048077 0.048077
0 0.867788 0.757212 0.048077 0.048077
0 0.519231 0.867788 0.048077 0.048077
0 0.081731 0.870192 0.048077 0.048077
0 0.430288 0.870192 0.048077 0.048077
0 0.608173 0.877404 0.048077 0.048077
0 0.692308 0.877404 0.048077 0.048077
0 0.790865 0.882212 0.048077 0.048077
0 0.939904 0.887019 0.048077 0.048077
