0 0.144231 0.084135 0.048077 0.048077
0 0.305288 0.122596 0.048077 0.048077
0 0.290865 0.165865 0.048077 0.048077
0 0.271635 0.209135 0.048077 0.048077
0 0.242788 0.245192 0.048077 0.048077
0 0.204327 0.281250 0.048077 0.048077
0 0.180288 0.326923 0.048077 0.048077
0 0.153846 0.389423 0.048077 0.048077
0 0.098558 0.459135 0.048077 0.048077
0 0.100962 0.459135 0.048077 0.048077
0 0.067308 0.504808 0.048077 0.048077
0 0.036058 0.533654 0.048077 0.048077
0 0.951923 0.649038 0.048077 0.048077
0 0.420673 0.757212 0.048077 0.048077
0 0.168269 0.790865 0.048077 0.048077
0 0.045673 0.793269 0.048077 0.048077
